100
315.7832 2.024 453.76673
497.80174 1.46592 1931.99358
87.0 1.406 84.08
457.00000 2.00000 914.00000
329.23153 2.82373 1935.01720
193.7 2.9 299.24
110.8 1.58 307.1
491.00384 1.18789 1981.18803
498.70226 1.35483 1936.61448
494.20971 1.37178 1912.65724
490.75033 1.13331 1962.83745
492.66265 1.28890 1969.12590
191.0 1.0 1282.0
245.0 4.0 1669.0
340.0270 3.0 338.66444
275.0 1.0 345.33729
496.63231 1.35399 1937.02764
4.0 1.0 73.0
36.0 4.0 929.0
497.75368 1.19446 1955.82080
473.6737 2.7 2000.00000
240.14371 3.84063 709.96102
493.28007 1.22677 1949.00644
492.06067 1.32045 1977.04561
153.65725 3.02646 1086.11828
32.96699 3.06223 350.48632
425.951 1.16 733.0
495.03753 1.08936 1959.67663
222.0 1.0 1451.1
384.91093 3.15584 1165.72334
384.00000 2.00000 768.00000
495.35123 1.25159 1958.54447
1.09910 3.20434 1999.19482
256.00000 1.00000 281.00000
120.32208 2.45554 1261.01189
367.32164 3.0 1306.5675
496.14124 1.17193 1907.04060
296.00000 4.00000 298.00000
490.67316 1.39977 1971.97656
1.30906 3.28866 2.56820
1.03765 3.76354 1999.15928
174.0 3.0 1921.0
416.29683 1.54672 421.99955
333.0 3.0 686.76312
496.04343 1.02267 1992.89208
469.20530 1.97270 1930.64268
492.42119 1.29259 1991.42756
497.88876 1.37609 1921.17841
303.42271 2.81604 1390.56404
88.53688 3.85582 463.71693
428.0 3.0 1243.0
495.95338 1.17567 1935.97161
494.14260 1.14368 1918.91959
490.72548 1.43120 1962.84588
492.81126 1.14329 1952.98163
99.82645 1.48239 1504.93956
497.86602 1.40764 1971.50255
1.07366 3.97350 1999.72206
137.0 2.8763 1400.0
437.0 3.0 360.0
216.80995 1.46789 1328.69327
493.50142 1.23575 1984.73418
310.00000 2.00000 620.00000
138.80950 3.64980 417.99023
14.38373 2.86963 1498.41990
198.00000 2.00000 396.00000
288.00000 2.00000 295.00000
386.00000 1.00000 394.00000
215.1 4.000 1207.37
307.0 1.0 1923.0
498.72635 1.17489 1976.28781
399.66531 1.78020 191.42202
477.10066 1.17153 1876.62967
491.91651 1.32869 1986.75033
492.39150 1.25699 1982.45168
480.0 4.0 1813.0
495.64444 1.44567 1903.10819
193.09018 1.95766 1934.23831
185.0 1.0 1286.0
1.08897 3.46951 1999.30072
64.0 1.2 1.0000
496.38428 1.10327 1956.98001
22.0 3.0 1461.0
211.0 2.0 346.0
492.59577 1.00177 1946.26767
58.0 1.044 267.40308
492.44635 1.17785 1953.65910
493.55939 1.17628 1942.05420
264.86616 1.16656 1261.01643
172.28921 3.47840 62.12856
369.0041 1.6 1716.37
1.00 3.53 1034.296
362.0 1.0 226.0
496.28319 1.40229 1998.50443
55.30208 1.20964 1888.19294
500.0000 3.824 1502.7
494.92267 1.40570 1972.94933
498.64611 1.47317 1939.99626
32.16046 1.9 1200.35
494.32879 1.22580 1965.00263
